[20, 20, 20, 20, 20, 20, 20, 19, 20, 20, 20, 20, 20, 20, 20, 20, 20, 20, 20, 20, 20, 20, 20, 20, 20, 20, 20, 20, 20, 20, 20, 20, 20, 20, 20, 20, 20, 20, 20, 20, 20, 20, 20, 20, 20, 20, 20, 20, 20, 20, 20, 20, 20, 20, 20, 20, 20, 20, 20, 20, 20, 20, 19, 20, 20, 20, 20, 20, 20, 19, 19, 19, 19, 19, 19, 20, 20, 20, 20, 20, 20, 20, 20, 20, 20, 20, 20, 20, 20, 20, 20, 20, 20, 20, 20, 20, 20, 20, 20, 20, 20, 20, 20, 20, 20, 20, 20, 20, 20, 20, 20, 20, 20, 20, 20, 20, 20, 20, 20, 20, 20, 20, 20, 20, 20, 20, 20, 20, 20, 20, 20, 20, 20, 20, 20, 20, 20, 20, 20, 20, 20, 20, 21, 21, 21, 21, 22, 22, 22, 21, 21, 21, 21, 21, 21, 21, 22, 22, 22, 22, 22, 22, 22, 22, 22, 22, 22, 22, 23, 23, 23, 23, 23, 23, 23, 23, 23, 23, 24, 24, 24, 24, 24, 24, 24, 24, 24, 24, 24, 24, 24, 24, 23, 23, 23, 23, 23, 23, 23, 23, 23, 23, 24, 24, 24, 24, 24, 24, 24, 25, 25, 25, 25, 25, 25, 25, 25, 25, 25, 25, 25, 25, 25, 25]
[20. 20. 20. 20. 20. 20. 20. 20. 20. 20. 20. 20. 20. 20. 20. 20. 20. 20.
 20. 20. 20. 20. 20. 20. 20. 20. 20. 20. 20. 20. 20. 20. 20. 20. 20. 20.
 20. 20. 20. 20. 20. 20. 20. 20. 20. 20. 20. 20. 20. 20. 20. 20. 20. 20.
 20. 20. 20. 20. 20. 20. 20. 20. 20. 20. 20. 20. 20. 20. 20. 20. 20. 20.
 20. 20. 20. 20. 20. 20. 20. 20. 20. 20. 20. 20. 20. 20. 20. 20. 20. 20.
 20. 20. 20. 20. 20. 20. 20. 20. 20. 20. 20. 20. 20. 20. 20. 20. 20. 20.
 20. 20. 20. 20. 20. 20. 20. 20. 20. 20. 20. 20. 20. 20. 20. 20. 20. 20.
 20. 20. 20. 20. 20. 20. 20. 20. 20. 20. 20. 20. 20. 20. 20. 20. 20. 21.
 21. 21. 21. 21. 21. 21. 21. 21. 21. 21. 21. 21. 21. 22. 22. 22. 22. 22.
 22. 22. 22. 22. 22. 22. 22. 23. 23. 23. 23. 23. 23. 23. 23. 23. 23. 24.
 24. 24. 24. 24. 24. 24. 24. 24. 24. 24. 24. 24. 24. 23. 23. 23. 23. 23.
 23. 23. 23. 23. 23. 24. 24. 24. 24. 24. 24. 24. 25. 25. 25. 25. 25. 25.
 25. 25. 25. 25. 25. 25. 25. 25. 25.]
[20. 20. 20. 20. 20. 20. 20. 20. 20. 20. 20. 20. 20. 20. 20. 20. 20. 20.
 20. 20. 20. 20. 23. 20. 20. 20. 20. 20. 20. 20. 20. 20. 20. 20. 20. 20.
 20. 20. 20. 20. 20. 20. 20. 20. 20. 20. 20. 20. 20. 20. 20. 20. 20. 20.
 20. 20. 20. 20. 20. 20. 20. 20. 20. 20. 20. 20. 20. 20. 20. 20. 20. 20.
 20. 20. 20. 20. 20. 20. 20. 20. 20. 20. 20. 20. 20. 20. 20. 20. 20. 20.
 20. 20. 20. 20. 20. 20. 20. 20. 20. 20. 20. 20. 20. 20. 20. 20. 20. 20.
 20. 20. 20. 20. 20. 20. 20. 20. 20. 20. 20. 20. 20. 20. 20. 20. 20. 20.
 20. 20. 20. 20. 20. 20. 20. 20. 20. 20. 20. 20. 20. 20. 20. 20. 20. 21.
 21. 21. 21. 21. 21. 21. 21. 21. 21. 21. 21. 21. 21. 22. 22. 22. 22. 22.
 22. 22. 22. 22. 22. 22. 22. 23. 23. 23. 23. 23. 23. 23. 23. 23. 23. 24.
 24. 24. 24. 24. 24. 24. 24. 24. 24. 24. 24. 24. 24. 23. 23. 23. 23. 23.
 23. 23. 23. 23. 23. 24. 24. 24. 24. 24. 24. 24. 25. 25. 25. 25. 25. 25.
 25. 25. 25. 25. 25. 25. 25. 25. 25.]
[59, 60, 61, 62, 63, 68, 68, 72, 72, 67, 66, 65, 64, 60, 60, 59, 58, 58, 58, 58, 60, 59, 59, 58, 58, 58, 59, 59, 59, 59, 59, 60, 61, 61, 61, 60, 59, 153, 52, 47, 46, 46, 46, 46, 46, 46, 46, 46, 46, 46, 47, 47, 47, 48, 49, 51, 52, 52, 52, 53, 53, 54, 54, 55, 55, 56, 57, 58, 59, 60, 66, 66, 66, 66, 71, 70, 70, 68, 67, 67, 68, 68, 67, 68, 67, 66, 66, 62, 61, 61, 61, 60, 60, 59, 59, 59, 60, 60, 59, 59, 59, 59, 59, 58, 57, 57, 58, 58, 57, 57, 58, 58, 58, 57, 57, 57, 58, 58, 58, 58, 58, 59, 59, 59, 59, 59, 59, 59, 59, 59, 60, 60, 60, 60, 59, 59, 58, 58, 58, 58, 58, 58, 58, 58, 59, 59, 61, 62, 63, 63, 64, 64, 64, 64, 64, 65, 66, 68, 69, 70, 71, 72, 73, 75, 76, 77, 78, 79, 80, 83, 84, 84, 85, 86, 86, 86, 85, 85, 85, 85, 86, 86, 86, 86, 91, 95, 76, 77, 84, 84, 84, 84, 84, 86, 86, 86, 87, 87, 88, 89, 91, 91, 92, 92, 87, 85, 85, 81, 81, 81, 79, 79, 79, 79, 79, 51, 73, 73, 67, 67, 66, 66, 66, 66]
[59. 59. 60. 61. 62. 62. 62. 62. 62. 62. 62. 62. 61. 60. 60. 60. 59. 58.
 58. 58. 58. 59. 59. 59. 59. 59. 59. 59. 59. 59. 59. 59. 60. 60. 60. 60.
 60. 59. 56. 53. 50. 47. 46. 46. 46. 46. 46. 46. 46. 46. 46. 47. 47. 47.
 48. 49. 50. 51. 52. 52. 53. 53. 54. 54. 55. 55. 56. 57. 58. 59. 62. 65.
 66. 66. 66. 67. 68. 68. 68. 68. 68. 68. 68. 67. 67. 67. 66. 66. 63. 62.
 61. 61. 60. 60. 59. 59. 59. 59. 59. 59. 59. 59. 59. 59. 58. 58. 58. 58.
 58. 58. 58. 58. 58. 58. 58. 58. 58. 58. 58. 58. 58. 58. 59. 59. 59. 59.
 59. 59. 59. 59. 59. 60. 60. 60. 60. 59. 59. 58. 58. 58. 58. 58. 58. 58.
 58. 59. 60. 61. 62. 63. 63. 64. 64. 64. 64. 65. 66. 67. 68. 69. 70. 71.
 72. 73. 75. 76. 77. 78. 79. 80. 83. 84. 84. 85. 86. 86. 86. 85. 85. 85.
 85. 86. 86. 86. 86. 85. 85. 85. 85. 84. 84. 84. 84. 84. 85. 86. 86. 87.
 87. 88. 88. 88. 88. 88. 87. 86. 85. 84. 81. 81. 81. 80. 79. 79. 79. 78.
 77. 74. 73. 70. 67. 66. 66. 66. 66.]
[59. 59. 60. 61. 62. 62. 62. 62. 62. 62. 62. 62. 61. 60. 60. 60. 59. 58.
 58. 58. 58. 59. 59. 59. 59. 59. 59. 59. 59. 59. 59. 59. 60. 60. 60. 60.
 60. 59. 56. 53. 50. 47. 46. 46. 46. 46. 46. 46. 46. 46. 46. 47. 47. 47.
 48. 49. 50. 51. 52. 52. 53. 53. 54. 54. 55. 55. 56. 57. 58. 59. 62. 65.
 66. 66. 66. 67. 68. 68. 68. 68. 68. 68. 68. 67. 67. 67. 66. 66. 63. 62.
 61. 61. 60. 60. 59. 59. 59. 59. 59. 59. 59. 59. 59. 59. 58. 58. 58. 58.
 58. 58. 58. 58. 58. 58. 58. 58. 58. 58. 58. 58. 58. 58. 59. 59. 59. 59.
 59. 59. 59. 59. 59. 60. 60. 60. 60. 59. 59. 58. 58. 58. 58. 58. 58. 58.
 58. 59. 60. 61. 62. 63. 63. 64. 64. 64. 64. 65. 66. 67. 68. 69. 70. 71.
 72. 73. 75. 76. 77. 78. 79. 80. 83. 84. 84. 85. 86. 86. 86. 85. 85. 85.
 85. 86. 86. 86. 86. 85. 85. 85. 85. 84. 84. 84. 84. 84. 85. 86. 86. 87.
 87. 88. 88. 88. 88. 88. 87. 86. 85. 84. 81. 81. 81. 80. 79. 79. 79. 78.
 77. 74. 73. 70. 67. 66. 66. 66. 66.]
